      66
     115
     118
      87
     103
      77
      87
     124
      80
     134
     134
     101
      78
      88
     133
      65
      94
     144
      78
     125
     113
     124
      93
      69
      71
     124
      64
      67
      79
      80
      74
     102
     102
     104
     105
      82
     108
     116
      92
      94
     127
     101
     107
      91
     118
      91
      90
      98
      78
      84
     238
      71
     101
      87
      75
     109
      86
      90
      71
      74
     143
      67
      88
      81
     125
     108
     133
     140
      77
     142
     102
     105
      98
      72
      84
      70
      70
     106
     131
      97
