      60
      62
      60
      90
      59
      60
      91
      86
      66
      63
     105
      59
      66
      83
      53
      61
     143
      78
      61
      72
      59
      58
      63
      66
      69
      90
      56
      60
      65
      55
      66
      81
      64
      89
      70
      88
      84
     115
      72
     111
      70
      65
      93
      59
      58
      58
      80
      57
      76
      54
      68
      76
      79
      59
      60
      66
      95
      96
      55
      69
      70
      54
      71
      95
      55
      80
      64
      57
      95
      60
      60
      56
      58
      79
      55
      87
      75
      65
     103
      62
