Model selection results for subset: ae5529f1397c178880640b46146545ee
Subset alignment stored here: ./analysis/phylofiles/ae5529f1397c178880640b46146545ee.phy
This subset contains the following data_blocks: gene2, gene7, gene13, gene11
Number of columns in subset: 4
Models are organised according to their AICc scores

Model           | Parameters      | lnL             | AICc             | AIC             | BIC            
HIVB            | 0               | -11.67035       | 23.3407          | 23.3407         | 23.3407        
FLU             | 0               | -12.23308       | 24.46616         | 24.46616        | 24.46616       
RTREV           | 0               | -12.310611      | 24.621222        | 24.621222       | 24.621222      
HIVW            | 0               | -12.399357      | 24.798714        | 24.798714       | 24.798714      
LG              | 0               | -12.486547      | 24.973095        | 24.973095       | 24.973095      
JTT             | 0               | -12.496054      | 24.992107        | 24.992107       | 24.992107      
JTTDCMUT        | 0               | -12.520247      | 25.040495        | 25.040495       | 25.040495      
VT              | 0               | -12.534989      | 25.069979        | 25.069979       | 25.069979      
WAG             | 0               | -12.602937      | 25.205873        | 25.205873       | 25.205873      
PMB             | 0               | -12.700447      | 25.400894        | 25.400894       | 25.400894      
CPREV           | 0               | -12.832454      | 25.664907        | 25.664907       | 25.664907      
BLOSUM62        | 0               | -13.047313      | 26.094625        | 26.094625       | 26.094625      
STMTREV         | 0               | -13.228071      | 26.456142        | 26.456142       | 26.456142      
DCMUT           | 0               | -13.23555       | 26.4711          | 26.4711         | 26.4711        
DAYHOFF         | 0               | -13.235555      | 26.47111         | 26.47111        | 26.47111       
MTART           | 0               | -13.34645       | 26.6929          | 26.6929         | 26.6929        
MTZOA           | 0               | -13.46744       | 26.93488         | 26.93488        | 26.93488       
MTREV           | 0               | -13.6317        | 27.2634          | 27.2634         | 27.2634        
MTMAM           | 0               | -13.647835      | 27.29567         | 27.29567        | 27.29567       
HIVB+G          | 1               | -11.670346      | 27.340693        | 25.340693       | 24.726986      
FLU+G           | 1               | -12.233075      | 28.46615         | 26.46615        | 25.852444      
RTREV+G         | 1               | -12.310603      | 28.621206        | 26.621206       | 26.0075        
HIVW+G          | 1               | -12.399346      | 28.798693        | 26.798693       | 26.184986      
LG+G            | 1               | -12.486541      | 28.973082        | 26.973082       | 26.359375      
JTT+G           | 1               | -12.496047      | 28.992094        | 26.992094       | 26.378387      
JTTDCMUT+G      | 1               | -12.520239      | 29.040478        | 27.040478       | 26.426771      
VT+G            | 1               | -12.53498       | 29.06996         | 27.06996        | 26.456253      
WAG+G           | 1               | -12.602924      | 29.205849        | 27.205849       | 26.592142      
PMB+G           | 1               | -12.70044       | 29.40088         | 27.40088        | 26.787174      
LG4M+G          | 1               | -12.732674      | 29.465347        | 27.465347       | 26.85164       
CPREV+G         | 1               | -12.832443      | 29.664886        | 27.664886       | 27.05118       
BLOSUM62+G      | 1               | -13.047305      | 30.09461         | 28.09461        | 27.480904      
STMTREV+G       | 1               | -13.228063      | 30.456125        | 28.456125       | 27.842419      
DCMUT+G         | 1               | -13.235534      | 30.471067        | 28.471067       | 27.85736       
DAYHOFF+G       | 1               | -13.235539      | 30.471079        | 28.471079       | 27.857372      
MTART+G         | 1               | -13.346449      | 30.692898        | 28.692898       | 28.079191      
MTZOA+G         | 1               | -13.467439      | 30.934877        | 28.934877       | 28.32117       
MTREV+G         | 1               | -13.6317        | 31.2634          | 29.2634         | 28.649693      
MTMAM+G         | 1               | -13.647834      | 31.295668        | 29.295668       | 28.681961      
HIVB+I+G        | 2               | -11.670346      | 39.34069         | 27.340693       | 26.113281      
FLU+I+G         | 2               | -12.233075      | 40.46615         | 28.46615        | 27.238739      
RTREV+I+G       | 2               | -12.310603      | 40.62121         | 28.621206       | 27.393795      
HIVW+I+G        | 2               | -12.399346      | 40.79869         | 28.798693       | 27.571281      
LG+I+G          | 2               | -12.486541      | 40.973083        | 28.973082       | 27.74567       
JTT+I+G         | 2               | -12.496047      | 40.992096        | 28.992094       | 27.764683      
JTTDCMUT+I+G    | 2               | -12.520239      | 41.040478        | 29.040478       | 27.813066      
VT+I+G          | 2               | -12.53498       | 41.06996         | 29.06996        | 27.842548      
WAG+I+G         | 2               | -12.602924      | 41.20585         | 29.205849       | 27.978437      
PMB+I+G         | 2               | -12.70044       | 41.40088         | 29.40088        | 28.17347       
CPREV+I+G       | 2               | -12.832443      | 41.664886        | 29.664886       | 28.437475      
BLOSUM62+I+G    | 2               | -13.047305      | 42.094612        | 30.09461        | 28.867199      
STMTREV+I+G     | 2               | -13.228063      | 42.456123        | 30.456125       | 29.228714      
DCMUT+I+G       | 2               | -13.235534      | 42.47107         | 30.471067       | 29.243656      
DAYHOFF+I+G     | 2               | -13.235539      | 42.471077        | 30.471079       | 29.243668      
MTART+I+G       | 2               | -13.346449      | 42.692898        | 30.692898       | 29.465487      
MTZOA+I+G       | 2               | -13.467439      | 42.934875        | 30.934877       | 29.707466      
MTREV+I+G       | 2               | -13.6317        | 43.263397        | 31.2634         | 30.035988      
MTMAM+I+G       | 2               | -13.647834      | 43.29567         | 31.295668       | 30.068256      
LG4X            | 6               | -11.770615      | 119.54123        | 35.54123        | 31.858995      
HIVB+F          | 19              | -11.67035       | 821.3407         | 61.3407         | 49.680294      
FLU+F           | 19              | -12.23308       | 822.4662         | 62.46616        | 50.80575       
RTREV+F         | 19              | -12.310611      | 822.6212         | 62.621223       | 50.960815      
HIVW+F          | 19              | -12.399357      | 822.7987         | 62.798714       | 51.138306      
LG+F            | 19              | -12.486547      | 822.9731         | 62.973095       | 51.312687      
JTT+F           | 19              | -12.496054      | 822.9921         | 62.992107       | 51.3317        
JTTDCMUT+F      | 19              | -12.520247      | 823.04047        | 63.040497       | 51.38009       
VT+F            | 19              | -12.534989      | 823.07           | 63.069977       | 51.409573      
WAG+F           | 19              | -12.602937      | 823.2059         | 63.20587        | 51.545467      
PMB+F           | 19              | -12.700447      | 823.4009         | 63.400894       | 51.740486      
CPREV+F         | 19              | -12.832454      | 823.6649         | 63.66491        | 52.0045        
BLOSUM62+F      | 19              | -13.047313      | 824.0946         | 64.09463        | 52.43422       
STMTREV+F       | 19              | -13.228071      | 824.4561         | 64.45615        | 52.795734      
DCMUT+F         | 19              | -13.23555       | 824.47107        | 64.4711         | 52.81069       
DAYHOFF+F       | 19              | -13.235555      | 824.4711         | 64.47111        | 52.810703      
MTART+F         | 19              | -13.34645       | 824.6929         | 64.6929         | 53.032494      
MTZOA+F         | 19              | -13.46744       | 824.9349         | 64.934875       | 53.27447       
MTREV+F         | 19              | -13.6317        | 825.2634         | 65.2634         | 53.602993      
MTMAM+F         | 19              | -13.647835      | 825.29565        | 65.29567        | 53.63526       
MTMAM+G+F       | 20              | -9.287505       | 898.575          | 58.575012       | 46.300896      
HIVB+G+F        | 20              | -9.287605       | 898.5752         | 58.57521        | 46.301098      
MTREV+G+F       | 20              | -9.287832       | 898.5757         | 58.575665       | 46.30155       
LG+G+F          | 20              | -9.287895       | 898.5758         | 58.57579        | 46.301678      
MTART+G+F       | 20              | -9.287895       | 898.5758         | 58.57579        | 46.301678      
RTREV+G+F       | 20              | -9.28796        | 898.5759         | 58.57592        | 46.301807      
FLU+G+F         | 20              | -9.288017       | 898.57605        | 58.576035       | 46.30192       
MTZOA+G+F       | 20              | -9.288049       | 898.5761         | 58.576096       | 46.301983      
JTT+G+F         | 20              | -9.288079       | 898.5762         | 58.576157       | 46.302044      
JTTDCMUT+G+F    | 20              | -9.288105       | 898.57623        | 58.57621        | 46.302097      
HIVW+G+F        | 20              | -9.288166       | 898.57635        | 58.576332       | 46.30222       
VT+G+F          | 20              | -9.288236       | 898.5765         | 58.57647        | 46.302357      
PMB+G+F         | 20              | -9.288287       | 898.5766         | 58.576576       | 46.30246       
STMTREV+G+F     | 20              | -9.28835        | 898.5767         | 58.5767         | 46.302586      
BLOSUM62+G+F    | 20              | -9.288446       | 898.5769         | 58.576893       | 46.30278       
WAG+G+F         | 20              | -9.288474       | 898.57697        | 58.57695        | 46.302834      
CPREV+G+F       | 20              | -9.288744       | 898.5775         | 58.577488       | 46.303375      
DAYHOFF+G+F     | 20              | -9.288812       | 898.57764        | 58.57762        | 46.30351       
DCMUT+G+F       | 20              | -9.288809       | 898.57764        | 58.577618       | 46.303505      
MTMAM+I+G+F     | 21              | -9.287505       | 984.575          | 60.575012       | 47.68719       
HIVB+I+G+F      | 21              | -9.287605       | 984.5752         | 60.57521        | 47.687393      
MTREV+I+G+F     | 21              | -9.287832       | 984.5757         | 60.575665       | 47.687847      
MTART+I+G+F     | 21              | -9.287895       | 984.5758         | 60.57579        | 47.687973      
LG+I+G+F        | 21              | -9.287895       | 984.5758         | 60.57579        | 47.687973      
RTREV+I+G+F     | 21              | -9.28796        | 984.5759         | 60.57592        | 47.688103      
FLU+I+G+F       | 21              | -9.288017       | 984.57605        | 60.576035       | 47.688217      
MTZOA+I+G+F     | 21              | -9.288049       | 984.5761         | 60.576096       | 47.68828       
JTT+I+G+F       | 21              | -9.288079       | 984.5762         | 60.576157       | 47.68834       
JTTDCMUT+I+G+F  | 21              | -9.288105       | 984.57623        | 60.57621        | 47.688393      
HIVW+I+G+F      | 21              | -9.288166       | 984.57635        | 60.576332       | 47.688515      
VT+I+G+F        | 21              | -9.288236       | 984.5765         | 60.57647        | 47.688652      
PMB+I+G+F       | 21              | -9.288287       | 984.5766         | 60.576576       | 47.688755      
STMTREV+I+G+F   | 21              | -9.28835        | 984.5767         | 60.5767         | 47.68888       
BLOSUM62+I+G+F  | 21              | -9.288446       | 984.5769         | 60.576893       | 47.689075      
WAG+I+G+F       | 21              | -9.288474       | 984.57697        | 60.57695        | 47.68913       
CPREV+I+G+F     | 21              | -9.288744       | 984.5775         | 60.577488       | 47.68967       
DAYHOFF+I+G+F   | 21              | -9.288812       | 984.57764        | 60.57762        | 47.689804      
DCMUT+I+G+F     | 21              | -9.288809       | 984.57764        | 60.577618       | 47.6898        
